-0.178191 -0.178191 0.0
-0.181636 -0.183228 0.0
-0.191348 -0.194717 0.0
-0.199568 -0.204862 0.0
-0.200756 -0.207889 0.0
-0.200539 -0.209486 0.0
-0.218897 -0.230669 0.0
-0.228166 -0.242548 0.0
-0.230515 -0.247198 0.0
-0.244368 -0.264356 0.0
-0.254698 -0.277954 0.0
-0.255499 -0.281283 0.0
-0.257615 -0.286111 0.0
-0.273012 -0.305883 0.0
-0.280288 -0.316808 0.0
-0.284178 -0.324043 0.0
-0.280137 -0.322261 0.0
-0.245006 -0.366678 0.0
-0.254995 -0.385255 0.0
-0.248925 -0.379674 0.0
-0.247266 -0.380756 0.0
-0.258045 -0.401176 0.0
-0.25468 -0.399768 0.0
-0.251866 -0.399184 0.0
-0.254891 -0.407911 0.0
-0.255214 -0.412421 0.0
-0.249754 -0.407562 0.0
-0.253161 -0.417197 0.0
-0.26576 -0.442298 0.0
-0.263827 -0.443454 0.0
-0.27001 -0.458387 0.0
-0.28161 -0.482884 0.0
-0.289 -0.500563 0.0
-0.291279 -0.509633 0.0
-0.289053 -0.510899 0.0
-0.342523 -0.61162 0.0
-0.358759 -0.647219 0.0
-0.363627 -0.662805 0.0
-0.359778 -0.662628 0.0
-0.361143 -0.67212 0.0
-0.362901 -0.682519 0.0
-0.361782 -0.687635 0.0
-0.35924 -0.690095 0.0
-0.356226 -0.691655 0.0
-0.358198 -0.703004 0.0
-0.353777 -0.701881 0.0
-0.353835 -0.709683 0.0
-0.3556 -0.721086 0.0
-0.351135 -0.719934 0.0
-0.345818 -0.716956 0.0
-0.361629 -0.758172 0.0
-0.376233 -0.79773 0.0
-0.394303 -0.845585 0.0
-0.432894 -0.93902 0.0
-1.24283 -2.75899 0.0
-1.23933 -2.78357 0.0
-1.23482 -2.80635 0.0
-1.23094 -2.83096 0.0
-1.22528 -2.85193 0.0
-1.22611 -2.88854 0.0
-1.22162 -2.91323 0.0
-1.21349 -2.92962 0.0
-1.21319 -2.96543 0.0
-1.2096 -2.99388 0.0
-1.20023 -3.00841 0.0
-1.19736 -3.03967 0.0
-1.19459 -3.0719 0.0
-1.19229 -3.10602 0.0
-1.18723 -3.13364 0.0
-1.183 -3.16408 0.0
-1.17991 -3.19829 0.0
-1.17723 -3.23442 0.0
-1.17122 -3.26212 0.0
-1.16532 -3.29076 0.0
-1.16051 -3.32319 0.0
-1.1587 -3.3651 0.0
-1.15332 -3.39759 0.0
-1.14706 -3.42819 0.0
-1.14493 -3.4721 0.0
-1.13965 -3.5075 0.0
-1.13897 -3.55815 0.0
-1.13456 -3.59837 0.0
-1.14376 -3.68351 0.0
-1.18469 -3.87495 0.0
-1.21302 -4.03042 0.0
-1.19712 -4.04143 0.0
-1.17752 -4.03989 0.0
-1.1585 -4.04018 0.0
-1.14113 -4.04616 0.0
-1.12106 -4.04243 0.0
-1.10157 -4.04053 0.0
-1.08083 -4.03371 0.0
-1.05914 -4.02291 0.0
-1.04058 -4.02362 0.0
-1.02178 -4.02328 0.0
-1.00083 -4.01411 0.0
-0.984019 -4.02136 0.0
-0.967164 -4.02853 0.0
-0.947056 -4.022 0.0
-0.93872 -4.06605 0.0
-0.890888 -4.58322 0.0
-0.892145 -4.69906 0.0
-0.785495 -5.58907 0.0
-0.760832 -5.59047 0.0
-0.737345 -5.60067 0.0
-0.711513 -5.59292 0.0
-0.685396 -5.58208 0.0
-0.660916 -5.58402 0.0
-0.63496 -5.57294 0.0
-0.610311 -5.57268 0.0
-0.585572 -5.57131 0.0
-0.558753 -5.54894 0.0
-0.534152 -5.54734 0.0
-0.5104 -5.5546 0.0
-0.485985 -5.55478 0.0
-0.460915 -5.54688 0.0
-0.436629 -5.54784 0.0
-0.411974 -5.54371 0.0
-0.387083 -5.53548 0.0
-0.3626 -5.53213 0.0
-0.338214 -5.52967 0.0
-0.313573 -5.5221 0.0
-0.289004 -5.51443 0.0
-0.264941 -5.51564 0.0
-0.240959 -5.51874 0.0
-0.216798 -5.51774 0.0
-0.192197 -5.50364 0.0
-0.168181 -5.50443 0.0
-0.145052 -5.5391 0.0
0.712052 -11.6422 0.0
0.778344 -11.8755 0.0
0.87919 -12.5733 0.0
0.090214 -0.662889 0.0
0.0947755 -0.674373 0.0
0.0932689 -0.643274 0.0
0.102283 -0.684399 0.0
0.103138 -0.670109 0.0
0.107 -0.675579 0.0
0.111554 -0.684976 0.0
0.113716 -0.679551 0.0
0.115664 -0.673135 0.0
0.1186 -0.672624 0.0
0.120822 -0.668164 0.0
0.121914 -0.657798 0.0
0.12441 -0.655295 0.0
0.126886 -0.652782 0.0
0.127197 -0.639472 0.0
0.130385 -0.640871 0.0
0.133791 -0.643233 0.0
0.136389 -0.641665 0.0
0.137277 -0.632269 0.0
0.139386 -0.628735 0.0
0.14279 -0.631047 0.0
0.144417 -0.625546 0.0
0.146687 -0.622963 0.0
0.14987 -0.624262 0.0
0.152117 -0.621659 0.0
0.154828 -0.62099 0.0
0.155813 -0.613524 0.0
0.158739 -0.613806 0.0
0.161161 -0.612141 0.0
0.16409 -0.612397 0.0
0.168601 -0.618429 0.0
0.172367 -0.621542 0.0
0.172634 -0.612122 0.0
0.173925 -0.606557 0.0
0.176291 -0.604832 0.0
0.180064 -0.607892 0.0
0.183867 -0.610931 0.0
0.187701 -0.613948 0.0
0.191564 -0.616943 0.0
0.192751 -0.611333 0.0
0.194197 -0.606677 0.0
0.197769 -0.608677 0.0
0.203868 -0.618255 0.0
0.204025 -0.609773 0.0
0.207648 -0.611718 0.0
0.20185 -0.586222 0.0
0.205395 -0.588168 0.0
0.260349 -0.644394 0.0
0.258236 -0.63122 0.0
0.245298 -0.592208 0.0
0.240146 -0.572688 0.0
0.231311 -0.54494 0.0
0.230134 -0.535656 0.0
0.22569 -0.519057 0.0
0.221106 -0.502507 0.0
0.216382 -0.486007 0.0
0.205768 -0.456794 0.0
0.199881 -0.438602 0.0
0.191326 -0.415022 0.0
0.190177 -0.407839 0.0
0.19494 -0.413337 0.0
0.196312 -0.41158 0.0
0.20245 -0.419726 0.0
0.204279 -0.418839 0.0
0.204336 -0.414356 0.0
0.200787 -0.402721 0.0
0.206143 -0.408985 0.0
0.209288 -0.410755 0.0
0.209705 -0.407171 0.0
0.211941 -0.407139 0.0
0.214647 -0.40798 0.0
0.220181 -0.414103 0.0
0.221985 -0.413139 0.0
0.223786 -0.412166 0.0
0.223658 -0.407679 0.0
0.22495 -0.405824 0.0
0.228184 -0.407457 0.0
0.229468 -0.405587 0.0
0.230739 -0.403713 0.0
0.233498 -0.404435 0.0
0.232742 -0.399093 0.0
0.233466 -0.39635 0.0
0.235193 -0.395328 0.0
0.238461 -0.396869 0.0
0.241228 -0.397535 0.0
0.24296 -0.396479 0.0
0.243635 -0.393714 0.0
0.246941 -0.395191 0.0
0.249196 -0.394956 0.0
0.254141 -0.398925 0.0
0.249928 -0.388561 0.0
0.2538 -0.390822 0.0
0.258793 -0.394728 0.0
0.263824 -0.398599 0.0
0.267783 -0.40077 0.0
0.270088 -0.400426 0.0
0.271833 -0.399244 0.0
0.27244 -0.396406 0.0
0.272457 -0.392749 0.0
0.276462 -0.394833 0.0
0.291456 -0.412405 0.0
0.30719 -0.430669 0.0
0.348795 -0.484511 0.0
0.372066 -0.51211 0.0
0.392036 -0.534675 0.0
1.38369 -1.81967 0.0
1.39588 -1.81917 0.0
1.41238 -1.82413 0.0
1.42278 -1.8211 0.0
1.43319 -1.81802 0.0
1.44485 -1.81644 0.0
1.45839 -1.81714 0.0
1.47008 -1.81542 0.0
1.48495 -1.81751 0.0
1.49414 -1.81255 0.0
1.50395 -1.80832 0.0
1.51568 -1.80634 0.0
1.52484 -1.80124 0.0
1.53464 -1.79685 0.0
1.54768 -1.79619 0.0
1.57781 -1.81508 0.0
1.61407 -1.84051 0.0
1.66118 -1.87764 0.0
1.73927 -1.94871 0.0
1.94716 -2.16256 0.0
2.05609 -2.2636 0.0
2.06256 -2.25092 0.0
2.09205 -2.26319 0.0
2.10736 -2.25989 0.0
2.122 -2.25578 0.0
2.14421 -2.25955 0.0
2.15613 -2.25234 0.0
2.17566 -2.25298 0.0
2.18896 -2.24705 0.0
2.20224 -2.24105 0.0
2.21904 -2.23852 0.0
2.23939 -2.23942 0.0
2.2598 -2.24019 0.0
2.27312 -2.23381 0.0
2.2943 -2.23504 0.0
2.31554 -2.23612 0.0
2.32744 -2.22807 0.0
2.33714 -2.21789 0.0
2.36646 -2.22617 0.0
2.38347 -2.22265 0.0
2.39535 -2.21426 0.0
2.42637 -2.22338 0.0
2.44493 -2.22084 0.0
2.4598 -2.21484 0.0
2.47988 -2.21341 0.0
2.49476 -2.2072 0.0
2.51339 -2.20421 0.0
2.52977 -2.19913 0.0
2.55753 -2.20373 0.0
2.57168 -2.19645 0.0
2.59345 -2.19555 0.0
2.61067 -2.19064 0.0
2.62789 -2.18562 0.0
2.65438 -2.18813 0.0
2.66932 -2.18095 0.0
2.68891 -2.17747 0.0
2.70853 -2.17385 0.0
2.73285 -2.17384 0.0
2.74702 -2.16561 0.0
2.76827 -2.16284 0.0
2.79112 -2.16114 0.0
2.80925 -2.15564 0.0
2.83296 -2.15426 0.0
2.86309 -2.15753 0.0
2.87889 -2.1498 0.0
2.89387 -2.14138 0.0
2.92899 -2.14766 0.0
2.94076 -2.13662 0.0
2.96872 -2.1372 0.0
2.98535 -2.12946 0.0
3.01258 -2.12911 0.0
3.03167 -2.12283 0.0
3.0483 -2.11471 0.0
3.08387 -2.11951 0.0
3.11044 -2.11786 0.0
3.13458 -2.11433 0.0
3.15791 -2.11008 0.0
3.17626 -2.10235 0.0
3.19794 -2.0967 0.0
3.23138 -2.09852 0.0
3.25649 -2.09468 0.0
3.28246 -2.09119 0.0
3.30763 -2.08699 0.0
3.33366 -2.08314 0.0
3.36568 -2.08278 0.0
3.38241 -2.07278 0.0
3.42049 -2.07564 0.0
3.44408 -2.06945 0.0
3.46683 -2.06258 0.0
3.47838 -2.04896 0.0
3.48383 -2.03175 0.0
3.4892 -2.01452 0.0
3.14113 -1.79533 0.0
3.06625 -1.73483 0.0
3.24916 -1.81965 0.0
3.49672 -1.93829 0.0
3.47007 -1.90378 0.0
3.42825 -1.86142 0.0
3.3923 -1.82278 0.0
3.35254 -1.78261 0.0
3.30099 -1.73677 0.0
3.01139 -1.56766 0.0
2.97731 -1.53344 0.0
2.93586 -1.49592 0.0
2.91199 -1.46779 0.0
2.95148 -1.47158 0.0
2.98837 -1.47373 0.0
3.26351 -1.59175 0.0
3.29204 -1.58792 0.0
3.28269 -1.56579 0.0
3.27864 -1.54634 0.0
3.27901 -1.52906 0.0
3.27839 -1.51139 0.0
3.27767 -1.49375 0.0
3.2796 -1.47738 0.0
3.27596 -1.45858 0.0
3.2768 -1.44186 0.0
3.27848 -1.42555 0.0
3.28375 -1.41084 0.0
3.28895 -1.39611 0.0
3.30055 -1.38406 0.0
3.29362 -1.36429 0.0
3.29399 -1.34764 0.0
3.29706 -1.33213 0.0
3.30469 -1.31847 0.0
3.316 -1.30624 0.0
3.32167 -1.29176 0.0
3.3282 -1.27761 0.0
3.33281 -1.26272 0.0
3.33829 -1.24817 0.0
3.34277 -1.23324 0.0
3.35845 -1.22241 0.0
3.36564 -1.20842 0.0
3.37276 -1.19439 0.0
3.38549 -1.1823 0.0
3.39913 -1.17045 0.0
3.4061 -1.15625 0.0
3.41206 -1.14169 0.0
3.42745 -1.13024 0.0
3.43711 -1.11682 0.0
3.44481 -1.10272 0.0
3.45912 -1.09069 0.0
3.47913 -1.08033 0.0
3.48955 -1.06689 0.0
3.50662 -1.0554 0.0
3.51982 -1.04265 0.0
3.52337 -1.027 0.0
3.39228 -0.972753 0.0
3.17898 -0.896595 0.0
3.09614 -0.858663 0.0
3.02171 -0.823839 0.0
3.00306 -0.804694 0.0
6.10412 -1.52198 0.0
3.58318 -0.860277 0.0
3.18781 -0.750659 0.0
2.8588 -0.660031 0.0
2.69779 -0.610473 0.0
2.70043 -0.598696 0.0
2.71181 -0.588817 0.0
2.91292 -0.619187 0.0
6.13628 -1.2485 0.0
6.14167 -1.22171 0.0
3.06767 -0.540942 0.0
3.15512 -0.528016 0.0
3.1574 -0.514244 0.0
2.89985 -0.459318 0.0
2.85043 -0.43875 0.0
2.85726 -0.427048 0.0
4.47138 -0.450287 0.0
4.16672 -0.40125 0.0
4.06686 -0.373731 0.0
4.06846 -0.355983 0.0
4.13176 -0.343362 0.0
4.57684 -0.36025 0.0
4.73584 0.310354 0.0
4.66162 0.325923 0.0
4.65417 0.345816 0.0
4.66657 0.367218 0.0
4.72273 0.392379 0.0
4.90427 0.429016 0.0
4.94867 0.872528 0.0
4.62205 0.83575 0.0
4.52102 0.837869 0.0
4.45444 0.845651 0.0
4.42322 0.859736 0.0
4.36843 0.868884 0.0
4.33716 0.882354 0.0
4.31173 0.89679 0.0
4.27843 0.909358 0.0
4.26465 0.925895 0.0
4.25178 0.942547 0.0
4.22519 0.956014 0.0
4.21416 0.972866 0.0
4.19528 0.987806 0.0
4.17634 1.0026 0.0
4.15347 1.0163 0.0
4.13832 1.03175 0.0
4.12409 1.04734 0.0
4.1127 1.06357 0.0
4.10802 1.0815 0.0
4.09457 1.09709 0.0
4.08299 1.1131 0.0
4.07424 1.12984 0.0
4.06639 1.14679 0.0
4.06134 1.16452 0.0
4.04854 1.17999 0.0
4.03952 1.19651 0.0
4.04384 1.21701 0.0
4.05953 1.24107 0.0
4.09419 1.27123 0.0
4.13342 1.30321 0.0
4.19818 1.34379 0.0
4.23697 1.37662 0.0
4.3126 1.42203 0.0
4.34808 1.45479 0.0
4.44017 1.50718 0.0
4.5092 1.55258 0.0
4.58829 1.60224 0.0
4.71983 1.67131 0.0
5.0739 1.82165 0.0
5.2125 1.89712 0.0
5.20792 1.92123 0.0
5.20417 1.94569 0.0
5.20592 1.97228 0.0
5.19166 1.99282 0.0
5.14844 2.00205 0.0
5.00567 1.97172 0.0
4.78711 1.90979 0.0
4.67581 1.88908 0.0
4.52314 1.8504 0.0
4.43926 1.83874 0.0
4.35373 1.82561 0.0
4.27577 1.81489 0.0
4.20165 1.80511 0.0
4.11487 1.78914 0.0
4.03838 1.77687 0.0
3.95019 1.75868 0.0
3.87775 1.74674 0.0
3.80639 1.73461 0.0
3.74702 1.72734 0.0
3.69051 1.72086 0.0
3.64407 1.7186 0.0
3.57155 1.70349 0.0
3.49473 1.6856 0.0
3.47476 1.6947 0.0
3.45747 1.70498 0.0
3.48758 1.73879 0.0
3.52997 1.77919 0.0
3.64691 1.85814 0.0
3.82991 1.97247 0.0
3.88247 2.02102 0.0
7.05386 3.9099 0.0
7.04633 3.94601 0.0
7.02991 3.97721 0.0
7.03507 4.02075 0.0
7.02061 4.13533 0.0
2.58613 1.56926 0.0
2.546 1.56015 0.0
2.51791 1.55809 0.0
2.49159 1.55687 0.0
2.45348 1.54798 0.0
2.42055 1.54202 0.0
2.3482 1.51037 0.0
2.06818 1.34305 0.0
1.90926 1.25173 0.0
1.84207 1.2192 0.0
1.8201 1.21612 0.0
1.81478 1.22405 0.0
1.76396 1.201 0.0
1.75788 1.20812 0.0
1.72301 1.19526 0.0
1.68911 1.18269 0.0
1.66515 1.17678 0.0
1.64616 1.17416 0.0
1.61424 1.16205 0.0
1.59054 1.15556 0.0
1.56452 1.14712 0.0
1.53377 1.1349 0.0
1.51118 1.12842 0.0
1.48388 1.11815 0.0
1.46307 1.11251 0.0
1.45265 1.11462 0.0
1.42405 1.10258 0.0
1.40346 1.09647 0.0
1.38767 1.09392 0.0
1.37114 1.09063 0.0
1.35233 1.08533 0.0
1.33127 1.07801 0.0
1.325 1.08254 0.0
1.2948 1.06732 0.0
1.2686 1.05506 0.0
1.25786 1.05544 0.0
1.23569 1.04606 0.0
1.22655 1.04754 0.0
1.2053 1.03852 0.0
1.18642 1.03131 0.0
1.16687 1.02329 0.0
1.15715 1.02373 0.0
1.14521 1.02211 0.0
1.13034 1.01773 0.0
1.11404 1.0119 0.0
1.0934 1.00188 0.0
1.08681 1.00461 0.0
1.07291 1.00048 0.0
1.05834 0.995556 0.0
1.0373 0.984332 0.0
1.02288 0.979168 0.0
1.00925 0.974591 0.0
1.0014 0.975497 0.0
0.9843 0.967241 0.0
0.974388 0.965894 0.0
0.953901 0.953873 0.0
0.944098 0.952345 0.0
0.932223 0.94861 0.0
0.919004 0.943356 0.0
0.912795 0.945199 0.0
0.898289 0.938338 0.0
0.881107 0.928466 0.0
0.84964 0.903168 0.0
0.842281 0.903209 0.0
0.836296 0.904673 0.0
0.830989 0.906839 0.0
0.829714 0.913417 0.0
0.827728 0.919258 0.0
0.829702 0.929575 0.0
0.832927 0.941425 0.0
0.869692 0.991664 0.0
0.91325 1.05054 0.0
0.965448 1.12042 0.0
1.02809 1.20371 0.0
1.1204 1.32343 0.0
1.14033 1.35895 0.0
1.15293 1.3862 0.0
1.14878 1.39354 0.0
1.15408 1.41247 0.0
1.1479 1.4175 0.0
1.13795 1.41781 0.0
1.13113 1.42198 0.0
1.11996 1.42062 0.0
1.10637 1.41604 0.0
1.09528 1.41453 0.0
1.08605 1.41533 0.0
1.07623 1.41528 0.0
1.06644 1.41517 0.0
1.05427 1.41179 0.0
1.04631 1.41397 0.0
1.03659 1.41368 0.0
1.02394 1.40929 0.0
1.01019 1.4032 0.0
0.999411 1.40108 0.0
0.991557 1.40297 0.0
0.981984 1.40237 0.0
0.968446 1.39596 0.0
0.958947 1.39523 0.0
0.950599 1.3961 0.0
0.940584 1.39443 0.0
0.929491 1.39103 0.0
0.920101 1.39007 0.0
0.911285 1.38989 0.0
0.901944 1.38882 0.0
0.895876 1.39275 0.0
0.886029 1.39074 0.0
0.877818 1.39121 0.0
0.86697 1.38739 0.0
0.859329 1.38861 0.0
0.849605 1.38638 0.0
0.839397 1.38323 0.0
0.831293 1.38345 0.0
0.819113 1.37676 0.0
0.810053 1.37515 0.0
0.805557 1.38126 0.0
0.794522 1.3761 0.0
0.785533 1.37435 0.0
0.778051 1.37515 0.0
0.769601 1.37417 0.0
0.757295 1.36614 0.0
0.74844 1.36417 0.0
0.741527 1.36567 0.0
0.734614 1.36713 0.0
0.724886 1.36326 0.0
0.717068 1.36287 0.0
0.707883 1.35978 0.0
0.697822 1.35485 0.0
0.689634 1.35343 0.0
0.682821 1.35464 0.0
0.676458 1.35671 0.0
0.668763 1.35606 0.0
0.661086 1.35537 0.0
0.654297 1.35644 0.0
0.644497 1.35116 0.0
0.636036 1.34853 0.0
0.628878 1.34858 0.0
0.621732 1.34858 0.0
0.612524 1.344 0.0
0.603779 1.34028 0.0
0.597518 1.34199 0.0
0.590449 1.34184 0.0
0.580601 1.33523 0.0
0.572401 1.33224 0.0
0.565801 1.33288 0.0
0.559206 1.33349 0.0
0.552617 1.33407 0.0
0.544898 1.33184 0.0
0.53571 1.32586 0.0
0.529549 1.32726 0.0
0.521553 1.32398 0.0
0.513959 1.32158 0.0
0.509263 1.32661 0.0
0.502761 1.32695 0.0
0.494515 1.32257 0.0
0.486663 1.31909 0.0
0.480219 1.31932 0.0
0.473106 1.31764 0.0
0.466684 1.3178 0.0
0.459281 1.31511 0.0
0.448655 1.30292 0.0
0.44168 1.30107 0.0
0.434412 1.29825 0.0
0.430623 1.30583 0.0
0.423067 1.30199 0.0
0.417077 1.30287 0.0
0.414997 1.31612 0.0
0.414588 1.33511 0.0
0.411683 1.34647 0.0
0.410127 1.36262 0.0
0.415539 1.40275 0.0
0.414451 1.42183 0.0
0.412103 1.43708 0.0
0.411529 1.45907 0.0
0.4089 1.47435 0.0
0.407461 1.49445 0.0
0.410514 1.53195 0.0
0.401025 1.52309 0.0
0.39763 1.53741 0.0
0.394119 1.55173 0.0
0.40549 1.62621 0.0
0.425488 1.73869 0.0
0.450349 1.87569 0.0
0.485712 2.06258 0.0
0.503929 2.18258 0.0
0.506319 2.23743 0.0
0.447637 2.60482 0.0
0.433131 2.58801 0.0
0.422157 2.59184 0.0
0.409748 2.58675 0.0
0.397545 2.58258 0.0
0.386125 2.5833 0.0
0.375424 2.58892 0.0
0.36134 2.57073 0.0
0.350389 2.57426 0.0
0.341112 2.59064 0.0
0.330436 2.59706 0.0
0.316176 2.57466 0.0
0.305644 2.58197 0.0
0.29347 2.57533 0.0
0.281577 2.57062 0.0
0.270358 2.57183 0.0
0.259735 2.57895 0.0
0.249534 2.59101 0.0
0.247561 2.69365 0.0
0.251061 2.86904 0.0
0.253615 3.05148 0.0
0.284089 3.60884 0.0
0.269525 3.626 0.0
0.25426 3.63512 0.0
0.238004 3.63021 0.0
0.221551 3.62123 0.0
0.204955 3.60818 0.0
0.191146 3.64599 0.0
0.17466 3.63481 0.0
0.15893 3.63853 0.0
0.142188 3.61721 0.0
0.12609 3.6088 0.0
0.111503 3.6473 0.0
0.0975266 3.72172 0.0
0.0847801 3.88207 0.0
0.0717019 4.10337 0.0
0.0607314 4.6326 0.0
0.0408672 4.67282 0.0
0.0204561 4.66796 0.0
8.83502e-05 4.672 0.0
-0.02031 4.67496 0.0
-0.041152 4.72582 0.0
-0.062935 4.81459 0.0
-0.0890847 5.10922 0.0
-0.124127 5.69365 0.0
-0.149388 5.70905 0.0
-0.175609 5.75132 0.0
-0.203283 5.82445 0.0
-0.233011 5.93343 0.0
-0.276033 6.32498 0.0
-0.325641 6.78219 0.0
-0.36177 6.90553 0.0
-0.402949 7.09857 0.0
-0.47969 7.84535 0.0
-0.525556 8.0208 0.0
-0.584189 8.35661 0.0
-1.67154 16.6031 0.0
-1.76833 16.8273 0.0
-1.98019 18.0839 0.0
-2.82745 18.9209 0.0
-2.90998 18.9084 0.0
-2.99231 18.8945 0.0
-3.0744 18.8793 0.0
-3.15692 18.8667 0.0
-3.24091 18.8626 0.0
-3.32266 18.8453 0.0
-3.40611 18.8375 0.0
-3.48828 18.8225 0.0
-1.96627 7.09041 0.0
-1.99584 7.07695 0.0
-2.02339 7.05664 0.0
-2.04969 7.03238 0.0
-2.06644 6.97639 0.0
-2.04671 6.80069 0.0
-1.9717 6.44934 0.0
-1.90553 6.13697 0.0
-1.91184 6.06375 0.0
-1.70203 5.23843 0.0
-1.70827 5.18062 0.0
-1.49963 3.7589 0.0
-1.4752 3.60591 0.0
-1.45789 3.4767 0.0
-1.44218 3.39759 0.0
-1.43133 3.33154 0.0
-1.42472 3.27666 0.0
-1.41605 3.21824 0.0
-1.4191 3.18736 0.0
-1.40588 3.12096 0.0
-1.39668 3.06475 0.0
-1.3912 3.01776 0.0
-1.38196 2.96363 0.0
-1.37995 2.92591 0.0
-1.36687 2.86571 0.0
-1.36025 2.82009 0.0
-1.35457 2.77727 0.0
-1.35296 2.74353 0.0
-1.34395 2.69554 0.0
-1.33589 2.65036 0.0
-1.33337 2.61689 0.0
-1.32417 2.57104 0.0
-1.3206 2.53685 0.0
-1.31862 2.50628 0.0
-1.30936 2.46254 0.0
-1.30447 2.42773 0.0
-1.29501 2.38511 0.0
-1.29386 2.35839 0.0
-1.29202 2.33086 0.0
-1.28899 2.30164 0.0
-1.28375 2.26901 0.0
-1.27727 2.23474 0.0
-1.27101 2.20143 0.0
-1.26851 2.17513 0.0
-0.192048 0.298568 0.0
-0.208054 0.320371 0.0
-0.205063 0.31277 0.0
-0.203115 0.306869 0.0
-0.197229 0.29517 0.0
-0.194042 0.287675 0.0
-0.191356 0.281039 0.0
-0.180685 0.262895 0.0
-0.159031 0.229238 0.0
-0.156014 0.222808 0.0
-0.152945 0.216409 0.0
-0.146339 0.205156 0.0
-0.14548 0.202081 0.0
-0.144009 0.198208 0.0
-0.141325 0.192739 0.0
-0.135026 0.182474 0.0
-0.138813 0.18589 0.0
-0.145039 0.19247 0.0
-0.142851 0.187855 0.0
-0.140017 0.18247 0.0
-0.140812 0.181857 0.0
-0.14222 0.182029 0.0
-0.141155 0.179051 0.0
-0.140068 0.176085 0.0
-0.138957 0.173133 0.0
-0.137194 0.169416 0.0
-0.136033 0.166493 0.0
-0.136123 0.165126 0.0
-0.136842 0.164531 0.0
-0.137558 0.163932 0.0
-0.137626 0.162567 0.0
-0.136386 0.159684 0.0
-0.144262 0.16742 0.0
-0.143023 0.164525 0.0
-0.136487 0.155629 0.0
-0.135176 0.152785 0.0
-0.137174 0.153686 0.0
-0.139181 0.154572 0.0
-0.139182 0.153223 0.0
-0.139174 0.151877 0.0
-0.138477 0.1498 0.0
-0.138448 0.148463 0.0
-0.139779 0.148586 0.0
-0.141803 0.149425 0.0
-0.133464 0.139414 0.0
-0.131292 0.135953 0.0
-0.132582 0.136095 0.0
-0.130371 0.132663 0.0
-0.125317 0.126411 0.0
-0.12516 0.125156 0.0
